%YAML:1.0
---
cameraMatrix: !!opencv-matrix
   rows: 3
   cols: 3
   dt: d
   data: [ 1.2830725133186256e+03, 0., 6.4782506546879779e+02, 0.,
       1.2845418711869922e+03, 4.7375149122812985e+02, 0., 0., 1. ]
distCoeffs: !!opencv-matrix
   rows: 1
   cols: 5
   dt: d
   data: [ -2.1437578876785557e-01, 7.7543948742399171e-02,
       3.8026068438534353e-04, -6.0880469765254772e-04,
       1.6621131036957357e-01 ]
