%YAML:1.0
---
cameraMatrix: !!opencv-matrix
   rows: 3
   cols: 3
   dt: d
   data: [ 6.7818010847600226e+02, 0., 3.2991216201122631e+02, 0.,
       6.8019228875621354e+02, 2.3239382727642212e+02, 0., 0., 1. ]
distCoeffs: !!opencv-matrix
   rows: 1
   cols: 5
   dt: d
   data: [ 7.3759886610910028e-02, -6.4447239170162041e-01,
       -1.8766113474174152e-03, -6.1671599413629596e-04,
       1.0035914119794760e+00 ]
