%YAML:1.0
---
PlaneNx: 5.7227417578597062e-02
PlaneNy: -6.1458133019673244e-01
PlaneNz: -7.8677494320224772e-01
PlaneD: 1.3803688559707432e+01
